
DETcurrent = [
    1    1    1    1     1     1     1    1    1    1 -1.96296E-01 0.00039 
    2    2    1    1     1     1     1    1    1    1 -7.86937E-01 0.00010 
];


DETcurrentE = [
 0.00000E+00  6.02097E-01  3.01048E-01
 6.02097E-01  6.02107E-01  6.02102E-01
];
